0.239
0.245
0.291
0.308
0.327
0.313
0.333
0.340
0.371
0.370
0.387
0.395
0.396
0.406
0.421
0.424
0.416
0.421
0.435
0.437
0.467
0.465
0.467
0.480
0.498
0.501
0.509
0.527
0.516
0.536
0.550
0.571
0.581
0.608
0.595
0.636
0.643
0.664
0.660
0.658
0.671
0.696
0.729
0.750
0.751
0.680
0.760
0.803
0.832
0.842
0.820
0.796
0.830
0.889
0.933
0.889
0.905
0.868
0.942
0.913
0.925
0.815
0.930
0.970
0.969
0.923
0.965
0.927
0.849
0.951
0.986
0.995
0.998
0.998
0.999
0.950
0.989
0.998
0.999
1.000
1.000
1.000
1.000
1.000
1.000
1.000
1.000
1.000
1.000
1.000
1.000
1.000
1.000
1.000
1.000
1.000
1.000
1.000
1.000
1.000
1.000
1.000
1.000
1.000
1.000
1.000
1.000
1.000
1.000
1.000
1.000
1.000
1.000
1.000
1.000
1.000
1.000
1.000
1.000
1.000
1.000
1.000
1.000
1.000
1.000
1.000
1.000
1.000
1.000
1.000
1.000
1.000
1.000
1.000
1.000
1.000
1.000
1.000
1.000
1.000
1.000
1.000
1.000
1.000
1.000
1.000
1.000
1.000
1.000
1.000
1.000
1.000
1.000
1.000
1.000
1.000
1.000
1.000
1.000
1.000
1.000
1.000
1.000
1.000
1.000
1.000
1.000
1.000
1.000
1.000
1.000
1.000
1.000
1.000
1.000
1.000
1.000
1.000
1.000
1.000
1.000
1.000
1.000
1.000
1.000
1.000
1.000
1.000
1.000
1.000
1.000
1.000
1.000
1.000
1.000
1.000
1.000
1.000
1.000
1.000
