0.238
0.266
0.307
0.315
0.319
0.336
0.357
0.341
0.370
0.379
0.385
0.389
0.413
0.409
0.424
0.424
0.436
0.442
0.450
0.458
0.473
0.470
0.474
0.479
0.509
0.499
0.517
0.533
0.532
0.540
0.560
0.591
0.544
0.616
0.586
0.620
0.620
0.671
0.678
0.669
0.710
0.715
0.758
0.761
0.762
0.763
0.745
0.821
0.857
0.868
0.803
0.881
0.880
0.894
0.896
0.931
0.955
0.953
0.954
0.965
0.971
0.980
0.984
0.982
0.992
0.998
0.999
1.000
1.000
1.000
1.000
1.000
1.000
1.000
1.000
1.000
1.000
1.000
1.000
1.000
1.000
1.000
1.000
1.000
1.000
1.000
1.000
1.000
1.000
1.000
1.000
1.000
1.000
1.000
1.000
1.000
1.000
1.000
1.000
1.000
1.000
1.000
1.000
1.000
1.000
1.000
1.000
1.000
1.000
1.000
1.000
1.000
1.000
1.000
1.000
1.000
1.000
1.000
1.000
1.000
1.000
1.000
1.000
1.000
1.000
1.000
1.000
1.000
1.000
1.000
1.000
1.000
1.000
1.000
1.000
1.000
1.000
1.000
1.000
1.000
1.000
1.000
1.000
1.000
1.000
1.000
1.000
1.000
1.000
1.000
1.000
1.000
1.000
1.000
1.000
1.000
1.000
1.000
1.000
1.000
1.000
1.000
1.000
1.000
1.000
1.000
1.000
1.000
1.000
1.000
1.000
1.000
1.000
1.000
1.000
1.000
1.000
1.000
1.000
1.000
1.000
1.000
1.000
1.000
1.000
1.000
1.000
1.000
1.000
1.000
1.000
1.000
1.000
1.000
1.000
1.000
1.000
1.000
1.000
1.000
